# BESS-TeV muon flux (30 m, cos(theta) = 0.95)
# Ref: 10.1016/j.physletb.2004.05.019 (https://arxiv.org/abs/astro-ph/0403704)
#
0.576  0.621   0.599   13.4  0.2  0.3    0.598   12.5  0.2  0.3
0.621  0.669   0.645   13.3  0.2  0.3    0.644   12.2  0.2  0.3
0.669  0.720   0.694   13.2  0.2  0.3    0.694   11.9  0.2  0.3
0.720  0.776   0.748   12.7  0.2  0.3    0.748   11.5  0.2  0.2
0.776  0.836   0.806   12.6  0.2  0.3    0.806   11.3  0.1  0.2
0.836  0.901   0.869   12.3  0.1  0.3    0.868   10.8  0.1  0.2
0.901  0.970   0.934   12.1  0.1  0.3    0.936   10.6  0.1  0.2
0.970   1.04    1.01   11.6  0.1  0.2     1.01   10.0  0.1  0.2
 1.04   1.13    1.08   11.0  0.1  0.2     1.08   9.6  0.1  0.2
 1.13   1.21    1.17   10.7  0.1  0.2     1.17   9.1  0.1  0.2
 1.21   1.31    1.26   10.2  0.1  0.2     1.26   8.8  0.1  0.2
 1.31   1.41    1.36   9.78  0.10  0.21     1.36   8.53  0.10  0.18
 1.41   1.52    1.46   9.38  0.10  0.20     1.46   8.01  0.09  0.17
 1.52   1.63    1.57   8.72  0.09  0.18     1.57   7.53  0.08  0.16
 1.63   1.76    1.70   8.59  0.09  0.18     1.70   7.22  0.08  0.15
 1.76   1.90    1.83   7.85  0.08  0.17     1.83   6.72  0.07  0.14
 1.90   2.04    1.97   7.41  0.07  0.16     1.97   6.28  0.07  0.13
 2.04   2.20    2.12   7.03  0.07  0.15     2.12   5.71  0.06  0.12
 2.20   2.37    2.28   6.38  0.06  0.13     2.29   5.36  0.06  0.11
 2.37   2.55    2.46   6.01  0.06  0.13     2.46   4.92  0.05  0.10
 2.55   2.75    2.65   5.45  0.05  0.13     2.65   4.62  0.05  0.10
 2.75   2.96    2.86   5.02  0.05  0.12     2.86   4.09  0.05  0.09
 2.96   3.19    3.08   4.62  0.05  0.11     3.08   3.69  0.04  0.08
 3.19   3.44    3.32   4.17  0.04  0.10     3.31   3.31  0.04  0.07
 3.44   3.71    3.57   3.79  0.04  0.09     3.57   3.06  0.04  0.06
 3.71   3.99    3.85   3.37  0.04  0.08     3.85   2.70  0.03  0.06
 3.99   4.30    4.14   3.02  0.03  0.07     4.14   2.37  0.03  0.05
 4.30   4.63    4.47   2.74  0.03  0.06     4.47   2.11  0.03  0.04
 4.63   4.99    4.81   2.41  0.03  0.06     4.81   1.87  0.02  0.04
 4.99   5.38    5.18   2.11  0.02  0.05     5.18   1.66  0.02  0.04
 5.38   5.79    5.58   1.87  0.02  0.04     5.58   1.46  0.02  0.03
 5.79   6.24    6.01   1.63  0.02  0.04     6.01   1.24  0.02  0.03
 6.24   6.73    6.48   1.44  0.02  0.03     6.48   1.13  0.02  0.02
 6.73   7.25    6.98   1.21  0.02  0.03     6.98   0.96  0.01  0.02
 7.25   7.81    7.52   1.06  0.01  0.02     7.52   0.83  0.01  0.02
 7.81   8.41    8.10   .911  0.013  0.021     8.10   .693  0.011  0.015
 8.41   9.06    8.72   .807  0.011  0.019     8.72   .608  0.010  0.013
 9.06   9.76    9.40   .706  0.010  0.016     9.40   .515  0.009  0.011
 9.76   10.5    10.1   .567  0.009  0.013     10.1   .454  0.008  0.010
 10.5   11.3    10.9   .490  0.008  0.011     10.9   .385  0.007  0.008
 11.3   12.2    11.8   .438  0.007  0.010     11.8   .324  0.006  0.007
 12.2   13.2    12.7   .358  0.006  0.008     12.7   .274  0.006  0.006
 13.2   14.2    13.6   .307  0.006  0.007     13.7   .231  0.005  0.005
 14.2   15.3    14.7   .249  0.005  0.006     14.7   .197  0.004  0.004
 15.3   16.4    15.8   .213  0.004  0.005     15.8   .168  0.004  0.004
 16.4   17.7    17.1   .176  0.004  0.004     17.0   .140  0.003  0.003
 17.7   19.1    18.4   .149  0.003  0.003     18.4   .115  0.003  0.002
 19.1   20.6    19.8   .122  0.003  0.003     19.8   .096  0.003  0.002
 20.6   23.9    22.1   .0957  0.0009  0.0022     22.1   0.0736  0.0008  0.0015
 23.9   27.7    25.6   .0669  0.0007  0.0016     25.6   0.0504  0.0006  0.0011
 27.7   32.1    29.7   .0452  0.0006  0.0010     29.8   0.0348  0.0005  0.0007
 32.1   37.3    34.5   .0293  0.0004  0.0007     34.5   0.0226  0.0004  0.0005
 37.3   43.3    40.1   .0201  0.0003  0.0005     40.1   0.0155  0.0003  0.0003
 43.3   50.2    46.5   .0131  0.0002  0.0003     46.5   0.0104  0.0002  0.0002
 50.2   58.3    54.0   .00876  0.00018  0.00022     54.0   .00691  0.00016  0.00016
 58.3   67.7    62.7   .00572  0.00014  0.00015     62.7   .00454  0.00012  0.00011
 67.7   78.5    72.8   .00401  0.00011  0.00011     72.8   .00288  0.00009  0.00008
 78.5   91.1    84.4   .00255  0.00008  0.00008     84.5   .00193  0.00007  0.00006
 91.1   106.    98.0   .00155  0.00006  0.00005     97.7   .00117  0.00005  0.00004
 106.   132.    118.   .000943  0.000043  0.000040     117.   .000695  0.000037  0.000028
 132.   165.    147.   .000426  0.000026  0.000022     146.   .000365  0.000024  0.000018
 165.   207.    184.   .000251  0.000018  0.000015     185.   .000147  0.000014  0.000009
 207.   258.    229.   .000118  0.000011  0.000009     228.   .000075  0.000009  0.000006
 258.   323.    286.   .0000558  0.0000068  0.0000052     286.   .0000413  0.0000058  0.0000039
 323.   404.    359.   .0000256  0.0000041  0.0000030     355.   .0000245  0.0000040  0.0000028
